0,470
379,36
0,469
0,468
379,35
100,13
100,12
100,11
100,9
100,8
100,1
20,3
20,2
20,1
19,3
19,2
19,1
14,11
14,10
12,3
12,1
11,27
11,26
11,25
11,24
11,23
11,22
11,21
11,1
10,315
10,314
10,313
10,312
10,311
10,310
10,309
10,308
10,307
10,306
10,305
10,304
10,303
10,302
10,301
10,300
10,299
10,298
10,297
10,296
10,295
10,294
10,293
10,292
10,291
10,290
10,289
10,288
10,287
10,286
10,285
10,284
10,283
10,282
18,1
18,3
14,1
10,281
10,280
10,279
10,278
10,277
10,276
10,275
10,274
10,273
10,272
10,271
10,270
10,269
10,268
10,267
10,266
10,265
10,264
10,263
10,262
10,261
10,260
10,259
10,258
10,257
10,256
10,255
10,254
10,253
10,252
10,251
10,250
10,249
10,248
10,247
10,246
10,245
10,244
10,243
10,242
10,241
10,240
10,239
10,238
10,237
10,236
10,235
10,234
10,233
10,232
10,231
10,230
10,229
10,228
14,26
14,3
13,1
13,3
10,227
10,226
10,225
10,224
10,223
10,222
10,221
10,220
10,219
10,218
10,217
10,216
10,215
10,214
10,213
10,212
10,211
10,210
10,209
10,208
10,207
10,206
10,1
9,7
9,1
8,18
8,17
8,16
8,15
8,14
8,13
8,12
8,1
3,3
3,1
2,2
0,569
0,547
0,546
0,544
0,540
0,510
0,506
0,503
0,501
0,498
0,497
0,494
0,489
0,488
0,486
0,481
0,475
0,400
0,273
0,270
0,243
0,9
2,1
2,3
0,0
379,34
379,33
379,32
379,31
379,30
379,29
379,28
379,27
379,26
379,25
379,24
379,23
379,22
379,21
379,20
379,19
379,18
379,17
379,16
379,15
379,14
379,13
379,12
379,11
379,10
379,9
379,8
379,7
379,6
379,5
379,4
379,3
379,2
